1168127103595313565197059121655703139196765746521048059031379147028015381017457261222224216531536039129305956087714517625797701347217670824543976357537086354573860269353297582671685161779
39043184998122354968635474677330498542864661988399598709411830703425204209650825540787157763668286722
5358359254990966640871840
1571408518427546378167846658524186148133445300987550786
12954728094771874910794011976124150759076622145360755595448190897197286916346990078682261389264946714250768264226751288380085720045846524926713426099379088684606226954799801010042375922402
394810887814999156320699623170776339
5515223538018437384432120575390553360788908297090600033106209179097074511067149496437663732272393803583183672326454639004446909302018142314209719068465787986519545480391806609399928589476584172553485453
26925748508234281076009
2011595611835338993891308327102733537615455242513357158345612749706882914629542593972362930557273257472624629067396578987884536384233104006416432124798818261534841714338
73822750993122698578207436143903804565580923764844306069
406837054462450812996767189512073064228323413256994879453570838208309535769155272605154275385167190627731943359478241407
10597999265301490732599643671505003412515860435409421932560009680142974347195483140293254396195769876129909
712011255569818855923257924200496343807632829750245
4171382214053681877185282727877738002857939966728031521286255891999220284054531400254314345167332218458619395129350539616222352781443248981339134815238749012874956065120431412988479402274434
941390895042587567453271223806288165311401367715034229502159202
1284057871006996373036197088663606849580363983512256652839038466984
15635695580168194910579363790217849593217
327491705792592583530106989610677051864224840112714676838107706466485315685753214360043615